100
100
21 33 49 13 4 22 45 64 7 57 66 39 91 70 30 10 2 54 72 69 1 51 92 52 100 6 78 85 79 25 97
499
45 57 83 86 10 4 27 1 72 69 93 5 77 11 19 38 33 74 14 61
497
65 88 25 57 31 71 41 76 38 32 46 33 11 18 28 14 80 98 4 73 64 67 1 77 78 60 66 30 89 6 83 3 62 53 9 34 91 12 81 26 86 24 59 22 8 17 43 39
495
1 28
491
55 44 2 80 68 98 60 77 3 10 38 19 74 13 72 84 36 69 37 54 73 56 1 4 15 87 79 51 59 45 46 62 53 75 78 100 50 23 92 96 21 89 57 83 41 64 63 31 26 16 52 17 58 49 67 90 85 35
479
21 51 52 90 92 39 6 70 59 68 80 5 98 54 14 15 42 7 43 28 97 77 53 76 29 9 12 49 71 55 24 40 26 84 38 41 63 1 73 22
474
13 96 30 8 91 65 36 87 84 1 66 11 62 9 18 45 70 85 27 68 92 6 44 64 94 80 15
465
37 52 96 69 47 43 19 82 22 36 84 87 53 31 48 94 58 65 57 88 64 2 17 29 85 6 67 95 9 12 83 35 5 70 13 44 11 1 72 25 56 86 28 32 7 71 41 10 50 18 61 54 34
446
99 97 11 87 54 15 70 38 61 94 1 72 16 52
445
17 50 8 87 98 81 92 73 79 47 20 84 10 64 11 6 91 1 95 2
440
70 79 59 94 19 45 84 95 47 50 13 55 88 34 7 23 100 89 39 1 29 31 92 15 68 46 2 80 76 56 25 21 22 24 83 52 57 51 3 86 90 4 65 91 28 63 41 75 18
431
88 64 96 75 39 57 37 63 80 93 82 42 22 9 20 54 73 29 98 41 1 33 5 6 36 34 62 16 87 14 59 15 10 51 83 61 24 25 4 81 95 97 7 71 66 69 50 8 44 23 90 84 65 74 48 100
429
41 16 1 77 70 90 32 62 18 91 24 92 51 22
424
99 96 78 1 79 36 98 44 74 27 24 65 48 75 39 82 100 31 72 7 66 2 13 73 34 56 91 85 67
421
33 49 60 92 90 27 77 66 50 81 73 39 26 88 91 83 84 16 63 1 47
416
76 16 28 59 1 25 26 4 34 86 91 68 77 79 9 98 45
410
13 63 32 57 88 10 89 43 61 24 87 54 69 5 11 18 12 30 7 58 8 72 46 6 67 90 80 21 52 83 50 36 98 48 26 77 39 49 19 2 64 56 70 29 51 100 53 78 4 23 1 76 27 79
409
30 1 4 66 54 23 93 37 20 97 31 13 84
405
46 11 38 70 52 36 9 19 71 20 58 40 32 18 6 16 12 63 24 51 4 61 85 3 82 92 37 2 62 74 54 84 88 69 34 98 94 21 64 28 41 5 45 31 91 1 99 17 30 97 13 44 29 77 39 49 22 75
402
50 14 82 80 46 78 5 58 76 28 68 36 85 32 22 7 3 100 64 72 8 43 75 70 6 57 95 34 48 66 87 83 59 79 56 63 12 67 2 17 69 25 23 97 40 88 99 73 93 4 53 31 24 29 18 1 45
398
58 67 74 84 68 63 23 17 30 96 16 87 44 9 13 18 43 35 19 52 81 27 32 40 73 100 82 91 86 7 80 69 15 38 21 76 90 95 8 55 10 51 71 11 20 72 1 70 62 89 28 54
390
89 28 88 25 86 34 33 1
389
74 49 70 99 21 66 94 35 1
384
17 3 35 67 88 12 85 61 90 37 97 91 60 58 46 13 86 66 25 7 71 2 45 89 1 50 41 38 68 99 76 78 49
383
65 67 70 31 98 55 5 17 25 78 79 7 72 22 29 43 59 53 68 27 90 60 66 93 100 46 1 77
377
1 72
371
1 15 28 67 23 42 66 69 84 59 44 90 11 5 16 100 82 10 75 76 47 19 80 20 36 60 98 94 3 58 49 99 95 91 34 96 13 97 37 45 85 87 46 29 92 74 73 17 30 35 25 57
369
25 32 16 79 70 55 54 84 28 5 24 30 40 65 98 45 97 6 9 74 7 3 49 20 52 35 23 10 36 81 62 72 53 17 85 13 42 67 93 60 12 1 44 86 38 26 91 4
362
30 33 45 16 40 84 63 36 28 64 90 37 27 72 73 96 78 5 4 94 70 87 86 80 34 97 14 59 7 1 53 10 89 32 23 68 55 6 95 38 100 41 54 83 44 22 67 42 77 61 17 98 92 79 25
354
4 96 44 99 9 100 31 78 63 8 89 1 26 11 45 16 84 25 13 23 86 5 10 68 94
352
82 84 40 16 21 7 91 1 85
350
20 21 77 32 37 86 87 52 80 36 17 45 28 42 35 66 5 24 6 68 1 83 88 92 19 85 54 25
348
19 49 23 33 27 61 53 65 17 72 3 1 68 76 14 20 67 29 8 50 56 6 73 30 7 2 28 31 58 64 51 82 89 55 9 94 81 15 24 92 52 60 59 38
348
1 70 23 11 8 63 22 67 53 85 45 95 2 21 84 61 93 82 52 100 55 97 39 86 90 58 24 3 81 32 49 13 5 18 51 48 6 10 62 77 60 76 16 44 75 25 20 34 4 94 91 31 54 96 35
336
86 14 1 69 60 38 12 81 34 95 3 31 67 15 40
330
44 7 1 92 42 47 41 65 80 35 22 28 50 5
328
22 8 67 62 2 25 97 18 66 74 39 45 30 72 75 1 58 73 43
299
83 33 42 15 97 10 37 45 94 51 95 32 77 12 2 76 25 84 31 88 26 52 59 96 79 58 13 92 23 53 98 8 63 93 67 19 44 60 22 89 72 47 49 78 6 43 57 30 39 41 56 9 91 68 11 34 1 27 100 54 18
297
57 20 74 31 17 42 16 3 11 32 87 2 9 99 13 77 97 70 96 23 26 43 30 84 35 33 6 56 34 22 66 50 64 4 14 15 46 1
295
6 77 49 85 1 96 26
283
93 87 34 89 77 52 30 44 80 50 37 1 71 60 6 56 39 22 46 76 43 92 62 4 53 13 7 48 61 74 66
273
56 85 83 7 1 99 14 96 91 25 51 13 50 64 37 55 4 41 46 40 18 82 58 97 71 79 19 80 43 69 44 34
272
21 57 29 18 52 85 53 75 58 42 8 1 63 77 31 17 27 56 35 93 97 14 81 99 47 34 61 9 6 90 84 7 32 30 94 68 71 55 19 24 45 49 73
270
14 82 49 51 80 26 33 56 25 1 84 15 93 59 32 78 31 61
260
63 38 87 64 37 45 23 28 91 12 76 22 73 46 13 27 100 70 32 62 49 74 6 98 61 79 31 88 34 21 48 26 56 44 1 47 99 33 83
245
13 1 96 7 55 34 16 49 100 42 90 89 29 6 3 19 45 83 30 12 68 10 36 14 50 99
240
4 100 89 9 14 1 27 65 53 98 3 17 26 99 83 49 86 5 47 52 55 57 45 67 37 81 7 15 42 2 61 43 97 56 34 75 13 90 6 76 32 68 92 33 16 35 25 73 95 10 79 22 85 46 69 18 28 64 8 74 36 41 23 72
240
72 77 74 61 7 11 64 92 57 9 1 87 34 62 70 80 86 73
235
38 82 48 74 35 19 4 67 26 13 65 59 81 97 12 45 57 3 18 61 30 24 42 56 34 41 44 73 75 32 22 17 46 80 7 23 96 25 90 10 8 1
229
60 71 85 7 28 49 48 89 70 1 32 17 39 2 16 8 59 33 24 86 72 21 11 54 9
216
86 59 55 4 1 34 7 20 96 78 98 29 58 100 65 64 52 18 25 67 83 21 8 31 84 51 62 69 41 77 15 50
211
22 80 100 37 98 1
207
20 68 86 39 66 60 10 40 87 89 98 12 57 4 67 7 24 37 69 97 1
203
78 21 87 10 45 27 13 75 30 23 81 42 43 51 90 16 7 1 76 6 95 94 52 15 57 31 9 71 18 82 62 69 40 93 97 84 91 46 41 74 61 25
201
84 9 93 82 41 94 40 5 29 4 2 33 96 67 92 62 22 34 7 52 11 21 88 10 19 66 36 43 65 51 99 1 45 81 64 63 68 18 46 86 48 83 87 12 80 76 38 53
200
52 1
200
86 35 81 27 15 1 32 96 39 76 75 8 62 98 89 95 87 72 90 70 20 17 68 84 6 64 3 100 23 63 57 14 16 82 66 54 60 12 56 71
194
21 1 2 92 89 100 57 31 8 93 52 88 65 25 66 24 43 91
183
67 33 9 94 95 31 27 40 25 86 60 12 37 55 93 100 50 30 69 23 42 1 28 68 65
182
89 60 20 54 68 18 43 88 72 45 55 1 70 78 8 92 85 58 11 82 62 74 98 67 12 16 81 34 80 37 47
182
10 63 49 35 78 100 56 76 79 11 54 68 71 44 27 70 7 89 40 6 92 53 15 48 24 37 82 19 45 91 85 77 51 26 41 14 58 1 16 33 12 29 32 95 74
180
68 24 43 84 9 71 55 41 32 7 47 6 48 12 11 91 1
178
70 95 3 76 55 63 32 16 86 12 73 24 35 5 92 67 52 100 91 49 51 57 89 87 84 29 6 31 66 58 23 9 38 1 80 14 4 82 18 25 62 39 11 44 72 15 90 42 8
170
11 74 99 52 57 21 34 39 97 71 88 4 19 1 89 13 28 49 2 32 30 67 3 48 72 83 16 81 9 20 64 8 87 17 77 15 60 7 33 92 68 78 41 18 73 44 47 5 42 22 12 53 79 24 86 14 46 6
170
25 58 85 70 97 22 1 18 19 89 88 15 39 35 92 54 41 43 16 50 95 24 83 51 46 49 30 72 74 82 13 38 32 96 26 75 55 6 20 66 45 76 2 68 23 33 7 81 71 57
168
57 89 40 52 69 87 17 50 25 98 48 41 97 10 20 59 79 94 49 63 6 5 81 13 27 74 30 62 21 61 38 16 70 2 4 72 55 24 33 1
165
32 15 52 16 85 48 14 37 22 8 75 2 4 76 46 11 93 42 21 29 35 65 55 94 31 43 38 7 70 24 81 10 41 59 26 56 60 25 95 1 50 47 27 5 98 79 74 88 44 68
156
24 42 58 69 55 64 16 33 22 1 27 13 4 89 34 52 17 50 51 72 18 91 30 32 92 20 65 79 63 66 94 28 25 60 87 35 61 86 44 7 98
153
86 80 76 21 95 34 98 51 96 99 64 54 92 82 28 70 18 5 45 62 17 32 40 91 88 68 24 52 1 41 83 38 93 58 3 90 10 97 57 43 73 94 19 78 67 11 37 25
143
9 97 94 53 86 28 2 52 69 57 29 34 36 16 21 91 59 50 3 33 89 15 41 54 17 80 79 27 78 35 12 90 88 39 20 4 95 38 8 73 62 77 46 66 96 22 10 99 5 92 24 7 1 18 48 82 6
138
47 61 92 88 77 43 80 26 46 93 6 67 69 62 64 60 87 7 15 94 12 97 65 5 86 29 81 22 78 38 54 74 13 82 23 44 95 2 89 25 19 71 59 100 39 56 45 68 85 75 91 4 48 31 55 1 24 34 90
134
10 21 8 19 26 30 99 53 7 65 20 71 78 4 41 6 56 64 82 55 75 67 61 79 85 87 13 86 33 39 91 1 54 72 32 24 12 43 97 52 89 77 59 31 93 48 51 18 27 5 38 69 83 40 37 63 76 92 2
133
48 36 96 98 10 65 11 47 58 39 84 38 75 57 67 50 24 82 21 85 91 87 79 54 72 28 73 76 59 52 78 31 99 83 7 97 70 89 46 1 80 32 100 93 81 90 71 12 17 49 19 9 4 61 15 42 25 94 41
123
53 90 15 8 78 10 9 3 44 72 80 16 39 63 19 4 1 43 93 60 2 30 14 58 38 75 42 96 99 33 95 25 31 27 74 100 46 37 73 83 61 55 54 35 40 68 12 84 17 76 88 47 77 85 98 24 57 29 65 50 18 79 87 28
122
81 8 94 87 42 27 21 73 96 28 55 16 41 26 63 45 62 15 69 54 71 79 1 35 43 38 10 33 46 88 29 53 37 31 64 98 18 82 34 91 95 19 24 52 76 68 100 7 2
115
88 81 45 47 40 19 85 3 42 69 95 24 14 27 22 53 96 35 77 13 49 21 55 72 67 65 75 48 15 78 20 1 59 54 33 36 30 39 90 23 51 11 28 71 62 16 76 2 25 83 46 89 26 84
107
84 33 19 18 26 17 7 3 85 5 40 86 91 38 60 36 1 13 93 71 90 2 27 16 69 4 49 99 83 8 68 87 73 72 54 12 89 47 78 6 81
105
50 38 94 24 86 22 85 1 7 88 19 60 80 72 93 10 3 77 97 98 48 4 25 15 44 5 83 54 28 53 21 73 51 32 9 92 14 40 16 87 27 30
104
65 99 81 3 53 68 55 98 24 34 4 87 43 2 57 1 51 18 66 56 76 41
96
13 30 50 99 61 83 65 69 35 22 63 59 92 57 64 23 96 24 21 37 76 90 8 62 16 6 68 2 86 84 1 36 27 75 70 95 82 80 15 32 45 49 4 67 29 66 89 28 17 7 56 73 46 31 34 25 78 51 9 18
95
52 65 61 58 78 1 77 21 15 76 89 88 36 39 29 22 54 17 4 25 84
91
52 19 1 38 80 23
91
75 29 54 2 83 44 18 68 98 96 1 64 35 20 43 49 61 66 24 53 37 51 25 77 36 34 67 40 90 22 7 74 32 39 91 78 47 10 52 85 16 93
85
80 16 56 61 47 85 1 96 49 72 52 55 73 8 15 68 33
83
10 84 1
70
62 11 3 5 70 1 72 78 54 20 90 10 32 50 96 68 29 100 58 76 37 17 61 77 24 81 88 26 33 73 67 59 66 42 18 82 71 56 52 47 46 53 27 19 15 79 91 65 80 55 93 94 51 87 14 99
57
36 25 12 57 27 73 52 59 5 43 18 98 100 87 37 1 10 49 46 19 66 24 6 29 53 76 23 79 41 64 32 97 93
48
39 74 47 8 79 12 64 3 90 7 56 1 59 72 96 62 91 46 2 44 51 4 58 97 17 5 87 81 57 29 31 28 23
45
4 42 71 43 1 25 29 35 81 88
44
96 43 8 1 9 5 42 15 12 24 19 54 61 28 2 78 56 11 41 68 4 66 97 99 86 72 98 34 44 77 94 13 51 75 52 49 39 63 18 73 89 91 71 48 79 33 90 85 92 31 58 38 60 95 35 84 7 16
42
17 80 33 24 4 69 82 7 96 67 95 40 31 86 62 27 72 94 39 50 51 22 97 78 19 20 21 13 79 60 2 76 8 46 68 11 56 99 1 58 14 41 83 32 81 52 45 37
40
90 6 69 63 44 7 99 12 60 39 53 61 24 85 64 79 86 95 56 8 71 55 1 46 34 16 10 18 80 32 15 96 76 97 70 54 50 40 81 67 11 74 72 47 3 45 20 43 89 59 2 98 17 19 28 75 87 14 66 92 65 58
38
79 74 87 25 91 98 17 1 5 92 85 69 7 78 62 73 71 96 49 53 80 52 58 68 83 16 72 93 86 10 60 99 18 46
32
47 44 61 92 45 81 73 43 59 27 28 39 7 21 40 3 74 1 48 94 79 31 93 56 34 25 63 71 46 10 50 6 16 65 96 75 55 85 42 4 83 66 69 91 26 5 84 2 68 99 60 98 13 22 33 41 77 9 15 36
24
42 8 54 17 1 13 96 48 74
20
9 26 21 67 81 39 44 54 77 78 86 34 53 36 84 70 82 96 13 100 47 17 58 18 30 76 64 33 83 59 65 55 1 93 22 91 57 11 68 71 12 61 50 5 75 37 35 69 74 31 27 87 49 48 88 7
14
45 27 79 24 64 97 2 26 47 51 13 22 29 23 92 1 20 60 19 67
14
8 77 76 88 93 91 97 37 52 21 10 30 65 87 95 33 27 9 58 81 23 17 63 90 6 85 15 66 53 25 83 11 75 74 7 49 55 36 3 2 82 54 79 59 72 94 22 16 14 28 71 34 73 4 86 48 1 39 50
10
78 47 85 12 95 91 11 4 93 15 59 32 92 67 82 72 42 35 37 45 14 36 86 21 53 77 18 28 75 46 57 1 29 62 64 52 96 70 44 66 87
6
59 61 1
4
