1000
500
39
3
364
2
643
3
216
2
59
3
789
3
532
2
224
2
960
2
132
3
660
3
24
3
997
2
632
2
139
2
790
3
489
2
287
3
412
3
504
2
284 983
5
193 10
5
412 623
6
314 201
4
512 557
6
110 537
6
382 1
5
279 500
6
314 16
6
565 760
5
17 107
5
581 721
5
74 509
5
100 958
4
300 41
6
940 678
4
231 978
6
726 538
5
978 320
4
336 116
5
143 930
4
650 732
6
437 361
4
43 273
6
729 428
6
913 74
6
502 123
4
375 940
5
628 681
4
895 485
6
701 457
6
12 163
6
649 524
4
944 127
4
741 540
5
698 225
5
116 937
6
212 58
5
415 132
4
324 567
4
76 78
5
392 305
4
614 147
5
733 720
5
716 537
6
70 587
4
273 897
5
144 482
4
450 489
6
785 545
6
528 256
4
124 714
6
598 311
5
301 588
5
156 497
5
205 897
6
843 657
4
428 119
5
276 167
5
187 262
5
246 39
5
481 756
4
126 219
6
49 777
6
589 144
6
300 569
4
837 73
5
141 577
6
96 714
5
312 296
6
820 788
6
446 216
6
733 758
4
659 105
5
640 643
5
680 481
6
596 820
4
710 911
5
469 100
5
733 972
6
702 958
6
210 425
6
618 351
6
876 101
4
465 559
6
411 866
5
480 358
5
484 807
5
703 689
4
653 458
6
996 882
5
33 755
5
306 435
4
393 680
5
635 926
4
7 141
6
447 846
6
761 793
6
250 665
6
808 995
5
666 673
6
890 895
4
971 931
4
194 122
6
696 957
5
920 759
4
114 235
5
933 660
5
414 185
6
238 547
4
196 607
5
240 115
5
115 884
5
656 570
5
267 729
6
750 845
6
674 653
6
16 364
6
807 216
5
516 225
5
744 797
6
697 841
5
638 557
4
162 351
5
524 749
6
502 914
6
898 366
4
880 617
6
492 196
6
942 971
5
831 875
4
153 686
4
630 41
4
620 867
4
261 663
5
772 80
5
925 187
6
869 377
4
607 286
5
372 647
4
125 376
4
743 869
4
538 660
6
431 565
4
897 352
4
920 570
6
424 566 210 981 68
26
781 723 664 945 856
32
32 480 481 436 137
33
374 558 336 190 830
19
572 529 996 455 902
27
722 264 178 783 48
28
738 754 904 882 418
32
425 798 751 127 501
17
613 1000 139 925 987
18
528 444 297 414 458
30
661 853 12 799 935
30
600 459 288 46 923
15
255 556 671 337 884
22
454 972 165 762 382
28
535 690 107 622 364
19
850 410 162 109 752
28
452 294 334 44 321
25
710 179 887 665 188
35
947 53 489 467 961
35
431 447 795 854 89
21
939 733 551 122 863
30
758 65 93 370 745
35
740 485 893 942 119
22
14 839 76 214 88
30
709 621 550 744 150
31
266 172 75 829 979
32
5 963 606 840 929
32
494 31 835 900 379
16
674 177 278 565 855
24
187 507 708 430 299
20
873 921 895 767 417
20
583 443 241 193 934
26
313 554 726 499 35
20
11 632 186 802 999
30
960 208 253 991 928
16
6 678 135 811 295
21
307 276 805 242 273
16
647 771 263 539 819
28
407 319 104 791 338
30
243 189 815 564 344
15
320 557 696 915 469
28
735 55 922 608 736
33
508 198 806 843 702
34
607 170 224 888 973
28
124 477 989 618 852
33
384 650 891 192 788
33
495 468 471 724 233
17
67 158 465 118 984
22
870 599 426 176 372
17
475 96 995 84 612
27
15 681 401 748 296
15
237 719 363 727 183
32
519 448 689 74 517
34
375 836 513 261 652
17
562 110 951 526 643
28
861 423 773 701 420
35
857 699 667 311 755
26
548 620 983 537 437
29
749 570 315 775 80
21
533 161 168 610 18
30
333 406 100 593 355
20
994 993 250 60 116
28
503 40 33 673 669
32
402 123 974 43 144
18
476 345 245 133 576
33
964 159 373 822 376
16
909 219 785 932 898
27
823 300 625 491 236
30
978 130 325 160 202
28
531 505 131 629 416
32
725 997 66 283 400
28
439 72 927 712 95
27
959 646 303 778 520
21
200 57 282 950 356
33
879 348 596 541 789
31
286 969 367 460 717
19
223 230 196 128 412
33
636 488 998 272 684
28
905 568 316 878 451
31
820 809 693 71 651
22
26 167 598 757 555
20
796 509 831 581 141
33
347 302 698 886 597
25
352 13 800 330 574
28
648 349 228 766 365
33
381 403 872 896 102
33
391 546 522 772 36
29
496 2 279 976 310
31
327 293 22 827 880
24
668 329 221 156 953
30
948 3 544 211 919
35
142 683 687 784 986
34
205 449 545 965 874
30
559 173 770 631 197
26
694 385 940 256 958
20
769 968 931 892 77
31
841 686 248 361 445
29
756 588 753 658 675
23
215 842 628 450 971
16
113 530 103 515 847
32
413 881 287 394 720
25
254 846 152 538 682
32
586 764 98 30 314
22
655 105 472 962 21
21
9 797 833 649 4
29
23 101 70 782 616
30
957 180 191 483 19
23
590 677 741 457 614
16
716 731 859 913 16
34
341 393 623 521 602
32
938 845 271 511 670
32
163 438 218 129 244
29
739 641 298 657 920
18
514 609 169 821 181
22
595 582 793 99 138
17
265 427 988 540 639
24
360 502 171 182 944
28
697 125 342 605 706
20
257 267 844 849 41
27
54 899 807 284 354
16
801 933 700 732 486
17
415 140 510 626 527
30
654 82 166 867 17
22
461 601 926 552 910
34
274 220 20 411 676
22
473 506 956 184 226
30
711 776 377 90 404
31
217 435 396 143 930
35
47 37 235 132 185
17
442 368 291 464 305
15
238 634 115 83 408
32
331 980 275 61 592
22
685 29 858 952 246
30
569 982 611 917 825
23
492 792 707 912 524
22
826 216 94 383 832
22
563 79 990 787 885
26
326 672 642 49 38
33
332 154 534 604 865
29
761 147 493 380 409
24
504 434 260 357 808
17
523 813 51 371 268
23
838 908 718 64 890
18
157 746 81 660 351
16
199 339 203 262 308
22
27 737 212 871 734
23
837 309 164 346 985
34
312 429 474 656 730
16
395 201 114 324 92
27
318 322 549 743 317
21
359 760 405 58 421
28
146 633 937 7 828
19
358 824 603 121 630
23
463 292 304 482 10
24
975 512 864 386 239
35
204 145 362 729 350
30
553 301 433 8 640
35
387 594 869 786 817
24
120 419 635 585 768
18
25 637 742 422 86
34
328 281 277 834 894
22
280 175 561 924 903
32
290 794 695 814 87
24
340 240 56 578 705
25
532 91 911 747 231
15
108 397 335 52 258
19
591 227 619 151 39
33
194 876 259 916 479
22
663 627 759 1 440
33
251 134 34 955 967
25
59 536 229 392 804
21
456 954 918 378 567
35
478 487 45 860 441
15
584 470 270 659 790
32
780 388 818 779 490
33
715 249 542 484 721
22
543 149 897 136 516
33
644 42 560 232 691
24
285 877 907 323 615
23
50 587 589 222 688
35
366 750 213 525 206
16
69 24 862 252 970
32
889 966 207 432 875
34
85 977 914 498 653
31
269 462 949 679 389
16
390 234 111 577 810
21
78 579 73 866 453
16
353 62 901 518 571
27
617 883 816 943 195
22
428 662 575 714 765
21
225 247 777 812 573
28
692 399 666 497 624
28
398 153 148 580 763
15
547 289 803 155 868
32
106 851 906 703 28
30
774 466 936 97 112
32
680 638 848 704 126
16
728 174 209 306 713
28
446 946 992 941 343
29
369 500 645 63 117
20
320 485 825
9
497 575 465
8
877 504 792
6
682 949 245
7
82 234 426
9
180 693 984
6
661 120 362
8
175 242 78
8
439 622 179
9
413 78 746
6
736 933 99
9
132 604 556
7
227 139 316
6
470 569 121
7
53 651 887
6
124 226 90
7
698 14 57
6
93 409 413
7
215 148 140
6
119 789 817
7
382 995 960
6
933 882 745
9
699 30 676
7
776 557 16
6
614 876 7
6
713 288 326
6
643 782 313
6
537 81 962
6
280 68 923
6
138 836 799
9
713 463 727
9
615 493 335
9
855 618 141
9
674 310 331
9
377 536 657
9
998 42 892
7
376 71 579
8
223 744 65
9
742 491 692
9
341 674 278
6
530 834 748
8
985 734 446
8
963 221 571
8
126 809 924
7
749 300 762
9
997 135 838
6
22 552 750
9
79 531 242
8
536 611 283
7
779 86 377
7
269 202 941
6
819 492 584
9
771 430 483
7
288 963 72
7
710 515 345
9
77 39 515
6
952 854 218
6
729 213 756
7
230 758 645
9
315 977 563
6
464 729 222
9
308 213 377
7
197 937 226
9
150 518 199
7
76 672 444
6
955 483 99
7
249 456 527
6
570 911 79
9
699 365 809
7
985 380 169
7
571 278 655
9
881 474 432
9
967 826 635
9
79 587 652
7
464 318 885
9
508 210 554
9
516 879 787
7
895 54 385
7
272 771 527
9
437 666 674
7
123 532 99
7
846 364 720
9
216 448 629
7
121 707 652
8
871 671 221
6
402 587 527
9
687 660 629
8
904 294 688
9
589 490 441
9
272 140 913
9
510 765 381
8
903 288 935
7
642 367 315
9
371 413 355
6
627 777 497
7
64 511 13
7
372 436 620
7
649 607 888
6
44 429 940
7
663 553 66
7
694 563 440 735 112 353 481 607 890 719 403 775 391 453 511 420 779 133 792 858 848 298 387 700 751 673 240 38 787 82 178 964 233 488 497 684 572 275 825 328 186 456 96 548 849 483 446 645 867 63 968 601 157 323 805 490 507 415 649 798 198 916 115 315 381 258 252 472 460 668 43 835 685 600 553 384 846 683 145 855 532 12 950 821 132 899 839 87 337 726 371 586 437 877 386 342 896 703 512 231 910 293 187 291 459 765 245 54 585 891 767 317 158 265 692 691 810 248 61 776 173 445 487 425 160 396 146 609 259 448 91 236 713 605 310 752 785 744 44 897 697 345 732 671 5 269 615 888 591 611 870 411 814 162 476 206 884 416 99 566 665 270 881 363 319 114 794 260 478 938 873 914 48 413 994 305 705 519 308 234 693 972 480 208 636 990 429 804 142 630 811 155 515 737 984 154 107 992 221 334 285 819 529 46 262 786 688 567 361 570 199 951 886 58 560 827 18 251 294 16 530 489 134 492 232 288 35 898 451 599 931 225 574 847 417 36 579 853 887 56 242 156 324 90 257 484 670 895 655 707
1000
595 565 907 89 500 382 754 42 40 449 860 281 153 223 773 513 593 715 311 549 200 385 640 467 346 364 466 84 571 985 900 282 711 284 901 465 768 717 980 568 370 747 610 946 716 351 520 699 229 973 675 676 204 633 841 161 833 169 734 123 824 580 981 989 525 327 419 264 330 789 766 374 795 398 865 418 343 854 594 955 4 541 287 834 581 638 778 944 755 27 427 889 657 936 974 552 631 911 410 318 372 222 576 746 617 125 816 83 930 228 201 253 730 24 304 190 589 98 226 909 113 469 235 991 53 534 686 905 650 322 538 217 934 976 272 127 639 276 78 695 940 331 130 961 436 450 704 832 300 6 561 367 608 118 997 701 463 7 722 879 862 866 152 458 842 966 727 109 286 121 894 550 653 509 485 397 928 564 359 874 562 801 528 634 516 523 556 651 521 19 164 72 355 401 680 136 1000 443 139 999 241 325 339 660 216 71 366 864 644 64 111 791 249 728 501 184 788 20 527 793 172 47 830 646 977 603 845 621 932 50 28 395 913 659 952 347 306 227 709 682 493 939 702 426 301 876 906 29 369 902
1000
933 271 597 390 185 763 468 168 405 803 843 212 428 210 486 303 604 915 263 389 59 836 872 400 166 808 797 731 760 736 31 205 681 619 147 296 103 582 268 937 577 893 743 104 196 408 777 55 237 209 348 575 554 102 329 518 875 336 261 471 97 721 539 724 434 193 998 757 822 441 177 718 971 957 435 970 376 729 903 340 244 8 494 770 712 815 167 93 969 596 674 943 65 214 927 88 354 482 266 678 878 859 149 945 706 918 807 753 393 412 424 781 75 444 809 533 377 616 176 432 802 338 690 545 537 171 13 749 349 255 790 128 618 119 267 192 375 430 949 504 464 1 510 863 662 207 954 279 37 101 764 215 45 620 658 180 352 637 406 120 414 588 882 837 17 861 783 246 454 908 452 850 188 987 358 514 796 986 967 642 612 666 143 165 632 399 148 904 344 756 108 442 392 784 993 326 774 982 920 536 9 26 635 116 302 919 583 333 362 606 197 648 67 499 10 368 81 380 60 49 174 183 191 978 105 762 477 823 587 629 159 857 341 614 106 117 892 868 624 547 439 602 505 551 422 922 557 983 813 806
1000
852 641 840 85 243 817 220 356 880 95 626 578 818 357 598 409 546 498 289 656 508 856 122 57 30 129 769 151 277 473 474 958 663 941 378 297 733 274 41 76 219 687 335 979 935 871 698 455 239 831 461 925 218 203 194 723 558 780 33 470 68 667 542 15 70 590 290 623 39 79 948 21 555 517 885 759 175 182 224 652 131 195 394 844 592 569 94 543 313 202 826 77 74 137 869 664 295 883 292 962 506 647 975 22 278 748 720 988 739 299 725 851 708 524 959 124 522 496 273 544 238 503 283 350 213 491 34 170 820 14 929 531 741 627 953 423 495 332 32 502 462 100 677 66 2 923 52 457 25 388 69 628 320 250 138 135 669 613 92 211 917 625 738 312 3 750 11 742 643 828 559 309 141 812 584 365 679 838 404 758 181 150 256 433 230 379 942 921 140 254 51 926 714 314 782 535 573 740 86 402 110 447 383 654 800 421 956 163 479 947 761 965 407 996 526 438 373 247 622 475 689 772 960 745 995 280 189 672 431 179 661 126 540 710 696 912 144 73 771 62 321 963 80 799 23 829 360 924 316 307
1000
486 728 90 634 13 247 724 552 737 726
20
681 724 705 713 273 339 276 669 573 687
24
8 47 603 539 24 990 100 992 833 422
26
532 50 641 597 421 708 15 787 408 36
30
534 565 104 639 465 790 471 783 659 402
26
46 182 99 187 359 48 180 45 933 965
24
477 11 375 6 543 23 791 613 990 601
25
157 389 81 308 88 431 190 249 840 417
23
298 614 626 77 192 936 187 804 504 99
23
572 882 513 207 738 870 830 687 883 951
28
766 319 179 11 272 751 129 262 592 464
30
470 64 4 775 361 694 910 646 404 297
28
194 264 774 542 449 60 499 999 232 795
30
263 925 560 412 193 104 702 993 607 715
27
481 150 386 305 330 507 657 425 710 850
25
637 883 147 103 866 738 11 812 348 310
24
724 960 177 659 418 796 250 613 32 366
24
417 188 563 992 80 920 782 75 12 159
20
622 406 423 849 290 362 369 53 243 820
21
627 636 127 169 83 474 59 502 154 540
20
195 424 257 702 785 915 452 876 454 69
30
939 982 726 931 630 759 97 49 440 919
21
368 679 549 869 897 194 764 704 331 819
29
117 49 18 850 243 945 47 677 666 611
20
93 391 903 893 306 873 329 44 589 114
28
837 23 236 754 562 858 961 442 67 259
25
320 434 306 152 927 864 366 940 253 796
27
217 780 37 240 192 215 497 86 696 274
27
572 845 733 588 369 902 288 157 826 613
25
14 138 97 555 779 328 866 890 642 521
22
