50
41
1 2 3 4 5 6 7 8 9 10 11 12 13 14 15 16 17 18 19 20 21 22 23 24 25 26 27 28 29 30 31 32 33 34 35 36 37 38 39 40 41 42 43 44 45 46 47 48 49 50
150
1 2 12 4 5 6 7 8 9 10
11
11 3 13 14 15 16 17 18 27 20
12
21 24 23 22 25 26 19 30 28 29
14
31 32 33 34 35 36 37 38 39 40
7
41 42 43 44 45 46 47 48 49 50
10
1 2 3 4 5
15
6 28 8 10 9 1
5
11 12 13 15 14
5
16 17 18 19 20
5
24 22 23 21 25
52
26 27 7 29 30
5
31 33 32 35 34
5
36 37 38 39 41
11
41 42 43 44 45
6
46 47 48 49 50
8
1 2
2
3 4
20
5 6
2
7 8
2
9 10
2
11 12
12
13 14
2
15 16
2
17 18
2
19 20
2
21 22
2
23 24
2
27 26
2
27 29
22
29 30
2
31 32
2
33 34
2
36 35
2
37 38
2
39 40
2
42 41
2
43 44
26
45 46
2
48 49
2
47 50
2
