50
500
39 28 44 22 27 23 19 25 29 18 43 42 38 35 48 31 36 49
937
19 27 34 44 31 23 38 37 20 50 21 18 30 28 43 47 40 22
374
37 49 24 40 38 42 19 31 30 34 36 43 50 47 29 25 46 35
867
43 25 20 42 47 35 23 24 21 40 31 44 39 27 38 28 50 29
856
22 44 35 45 37 46 34 41 48 42 31 36 19 24 23 21 26 33
467
48 39 45 38 41 26 50 37 42 43 36 29 27 21 33 46 32 34
978
47 39 33 44 30 36 19 41 18 40 46 50 21 29 43 24 35 28
486
45 16 13 38 32 36 17 44 41 35 30 37 42 19 12 20 31 39 11 18 29 24
9
18 33 14 23 11 34 31 24 27 39 17 26 29 16 40 42 10 44 12 36 41 19
78
31 26 35 10 42 32 23 13 20 22 45 19 18 28 17 16 44 36 33 14 29 30
1
16 19 11 12 24 31 27 21 15 28 40 35 38 18 17 13 20 45 44 34 22 33
786
18 31 14 29 23 12 45 26 10 32 33 43 16 38 13 27 15 42 25 35 41 17
899
35 45 23 10 21 18 14 17 40 29 15 20 19 38 30 36 11 43 27 44 41 32
978
37 43 15 29 34 27 19 11 22 20 18 42 24 31 45 21 44 23 10 25 32 40
789
43 42 29 14 37 44 30 18 22 21 34 10 16 26 32 23 19 27 13 36 45 41
678
10 35 26 18 33 37 17 36 32 15 25 42 29 39 43 14 23 45 38 24 41 21
978
40 21 31 13 22 16 29 27 38 41 42 33 28 12 19 34 35 30 25 11 32 36
789
26 27 50 41 25 49 47 44 28 46 29 48 22 36 35 20 38 19
678
32 25 40 22 29 41 18 36 19 44 46 35 21 38 28 27 39 23
987
22 23 49 27 45 41 48 34 35 32 29 21 20 24 44 26 36 46
678
18 28 37 49 27 45 41 25 50 46 42 36 22 31 40 29 20 32
786
28 20 47 30 31 23 25 40 49 22 21 36 26 34 19 45 24 18
456
38 40 48 45 21 27 42 32 24 37 39 18 47 46 29 26 19 25
976
44 19 18 29 23 37 45 42 25 31 32 36 27 40 20 21 34 28
678
41 45 25 24 42 26 31 33 28 21 23 22 49 27 43 30 35 20
945
33 49 28 50 45 37 39 22 35 41 20 29 32 43 42 40 36 24
789
44 23 38 30 46 19 29 40 39 26 25 20 41 33 18 42 36 24
789
23 29 36 32 19 48 28 24 43 39 45 30 41 50 25 42 44 47
789
22 36 29 50 28 40 41 26 34 32 21 49 39 33 45 48 46 42 25 20 35 27 23 37 47
1000
1 4 5
10
9 32 8 12 28 4 10 22
432
9 32 8 12 28 4 10 22
432
9 32 8 12 28 4 10 22
432
9 32 8 12 28 4 10 22
432
1 2 3 4 5 6 7 8 9 10 11 12 13 14 15 16 17 18 19 20 21 22 23 24 25 26 27 28 30 31 32 33 34 35 36 37 38 39 40 41 42 43 44 45 46 47 48 49 50
31
1 2 3 4 5 6 7 8 9 10 11 12 13 14 15 16 17 18 19 20 21 22 23 24 25 26 27 28 29 31 32 33 34 35 36 37 38 39 40 41 42 43 44 45 46 47 48 49 50
32
1 2 3 4 5 6 7 8 9 10 11 12 13 14 15 16 17 18 19 20 21 22 23 24 25 26 27 28 29 30 32 33 34 35 36 37 38 39 40 41 42 43 44 45 46 47 48 49 50
30
1 2 3 4 5 6 7 8 9 10 11 12 13 14 15 16 17 18 19 20 21 22 23 24 25 26 27 28 29 30 31 33 34 35 36 37 38 39 40 41 42 43 44 45 46 47 48 49 50
453
1 2 3 4 5 6 7 8 9 10 11 12 13 14 15 16 17 18 19 20 21 22 23 24 25 26 27 28 29 30 31 32 34 35 36 37 38 39 40 41 42 43 44 45 46 47 48 49 50
293
1 2 3 4 5 6 7 8 9 10 11 12 13 14 15 16 17 18 19 20 21 22 23 24 25 26 27 28 29 30 31 32 33 35 36 37 38 39 40 41 42 43 44 45 46 47 48 49 50
10
1 2 3 4 5 6 7 8 9 10 11 12 13 14 15 16 17 18 19 20 21 22 23 24 25 26 27 28 29 30 31 32 33 34 36 37 38 39 40 41 42 43 44 45 46 47 48 49 50
7
1 2 3 4 5 6 7 8 9 10 11 12 13 14 15 16 17 18 19 20 21 22 23 24 25 26 27 28 29 30 31 32 33 34 35 37 38 39 40 41 42 43 44 45 46 47 48 49 50
90
1 2 3 4 5 6 7 8 9 10 11 12 13 14 15 16 17 18 19 20 21 22 23 24 25 26 27 28 29 30 31 32 33 34 35 36 38 39 40 41 42 43 44 45 46 47 48 49 50
874
1 2 3 4 5 6 7 8 9 10 11 12 13 14 15 16 17 18 19 20 21 22 23 24 25 26 27 28 29 30 31 32 33 34 35 36 37 39 40 41 42 43 44 45 46 47 48 49 50
83
1 2 3 4 5 6 7 8 9 10 11 12 13 14 15 16 17 18 19 20 21 22 23 24 25 26 27 28 29 30 31 32 33 34 35 36 37 38 40 41 42 43 44 45 46 47 48 49 50
822
1 2 3 4 5 6 7 8 9 10 11 12 13 14 15 16 17 18 19 20 21 22 23 24 25 26 27 28 29 30 31 32 33 34 35 36 37 38 39 41 42 43 44 45 46 47 48 49 50
463
30 12 11 31 40 17 16 28 20 13 19 39 38 44 21 25 15 42 36 35 32 33
798
26 21 34 29 25 19 31 28 14 18 23 39 27 32 33 22 17 35 13 41 38 37
872
35 29 17 30 38 27 43 16 34 10 25 32 39 21 11 22 12 28 42 45 36 44
967
23 20 41 24 44 43 26 12 30 19 25 18 15 35 42 22 21 38 27 16 14 29
967
23 43 41 15 12 37 24 14 28 27 16 38 42 11 44 30 20 19 26 21 10 34
988
38 43 18 37 31 35 19 26 28 23 20 24 14 13 21 15 16 29 11 27 34 40
898
35 12 16 34 44 24 19 33 45 41 31 43 40 26 17 36 18 38 32 23 21 25
785
27 32 38 48 22 18 25 26 21 47 39 29 44 35 49 50 40 19
789
42 25 28 30 39 43 38 19 45 50 26 47 40 32 48 31 22 27
567
49 32 47 42 31 28 41 38 22 44 25 19 36 23 46 27 24 26
364
49 35 20 18 24 40 36 46 41 28 29 43 48 23 50 37 19 30
789
1 2 3 4 5 6 7 8 9 10 11 12 13 14 15 16 17 18 19 20 21 22 23 24 25 26 27 28 29 30 31 32 33 34 35 36 37 38 39 40 42 43 44 45 46 47 48 49 50
42
1 2 3 4 5 6 7 8 9 10 11 12 13 14 15 16 17 18 19 20 21 22 23 24 25 26 27 28 29 30 31 32 33 34 35 36 37 38 39 40 41 42 43 45 46 47 48 49 50
3
1 2 3 4 5 6 7 8 9 10 11 12 13 14 15 16 17 18 19 20 21 22 23 24 25 26 27 28 29 30 31 32 33 34 35 36 37 38 39 40 41 42 43 44 46 47 48 49 50
54
1 2 3 4 5 6 7 8 9 10 11 12 13 14 15 16 17 18 19 20 21 22 23 24 25 26 27 28 29 30 31 32 33 34 35 36 37 38 39 40 41 42 43 44 45 47 48 49 50
67
1 2 3 4 5 6 7 8 9 10 11 12 13 14 15 16 17 18 19 20 21 22 23 24 25 26 27 28 29 30 31 32 33 34 35 36 37 38 39 40 41 42 43 44 45 46 48 49 50
123
1 2 3 4 5 6 7 8 9 10 11 12 13 14 15 16 17 18 19 20 21 22 23 24 25 26 27 28 29 30 31 32 33 34 35 36 37 38 39 40 41 42 43 44 45 46 47 49 50
823
1 2 3 4 5 6 7 8 9 10 11 12 13 14 15 16 17 18 19 20 21 22 23 24 25 26 27 28 29 30 31 32 33 34 35 36 37 38 39 40 41 42 43 44 45 46 47 48 50
999
1 2 3 4 5 6 7 8 9 10 11 12 13 14 15 16 17 18 19 20 21 22 23 24 25 26 27 28 29 30 31 32 33 34 35 36 37 38 39 40 41 42 43 44 45 46 47 48 49
785
1 2 3 4 5 6 7 8 9 10 11 12 13 14 15 16 17 18 19 20 21 22 23 24 25 26 27 28 29 30 31 32 33 34 35 36 37 38 39 40 41 43 44 45 46 47 48 49 50
92
1 2 3 4 5 6 7 8 9 10 11 12 13 14 15 16 17 18 19 20 21 22 23 24 25 26 27 28 29 30 31 32 33 34 35 36 37 38 39 40 41 42 44 45 46 47 48 49 50
485
1 2 3 4 5 6 7 8 9 10 11 12 13 14 15 16 17 18 19 20 21 22 24
234
24 25 26 27 28 29 30 31 32 33 34 35 36 37 38 39 40 41 42 43 44 45 46 47 48 49 50
12
1 2 3 4 5 6 7 8 9 10 12 13 14 15 16 17 18 19 20 21 22 23 24 25 26 27 28 29 30 31 32 33 34 35 36 37 38 39 40
2
40 41 42 43 44 45 46 47 48 49 50
785
1 2 3 41 5 6 7 8 9
249
10 11 12 13 14 15 16 17 18 19
987
20 21 29 23
870
24 25 26 27 28 22 30 31 32 33 34 35 36
1000
37 38 39 40 4 42 43 44 45 46 47 48 49 50
473
1 2 3 4 5 6
978
7 8
786
9 10 11 12 13 14 15 16
576
17 18 19 20 21 22 23 24 25 26 27 28 29 30
809
31 32 33
708
34 35 36 37 38 39 40 41
675
42 43 44 45 46 47 48 49 50
3
1 2 3 4 5 6 7 8 9 10 11 12 13 14 15 16 17 18 19 20 21 22 23 24 25 26 27 28 29 30
1000
31 32 33 34 35 36 37 38 39 40 41 42 43 44 45 46 47 48 49 50
1000
1
1000
2
1000
3
1000
4
1000
5
1000
6
1000
7
1000
8
1000
9
1000
10
1000
11
1000
12
1000
13
1000
14
1000
15
1000
16
1000
16 38 42 24 15 33 29 35 32 26 34 25 36 13 39 43 28 31 45 22 10 23
906
43 38 17 36 13 41 28 14 19 22 24 12 23 25 31 21 35 39 26 37 11 30
907
28 37 31 26 41 21 11 13 29 36 19 17 45 14 34 24 40 30 23 27 22 20
909
33 43 44 16 35 26 27 23 29 14 20 22 42 36 39 12 17 13 25 41 34 40
957
35 15 10 12 34 24 39 11 25 44 42 37 43 19 29 36 45 23 21 13 22 18
968
17 11 30 45 41 13 28 23 22 21 40 25 33 20 37 29 18 38 10 16 27 32
895
42 44 41 26 27 37 45 21 29 38 25 19 12 32 34 13 14 11 28 24 30 43
798
45 37 14 42 17 30 23 40 33 35 26 19 43 44 28 32 12 18 11 16 15 38
761
23 38 14 33 28 34 16 36 27 37 32 35 10 20 39 11 43 18 12 24 44 26
600
18 21 33 12 25 19 10 40 38 32 15 31 20 26 43 44 27 42 29 37 34 28
678
32 44 14 20 24 19 27 29 45 40 22 28 34 31 21 38 25 36 11 26 16 37
768
1 16 29 22 34 31 8 3 14 20 9 12 21 4 35 6 13 19 10 15 18 30 26 25 27 11 28
904
40 42 43 33 48 28 19 29 47 36 24 50 32 45 26 37 38 22
846
26 38 23 21 24 32 20 36 29 37 39 47 40 19 43 41 49 35
736
50 33 41 48 27 24 23 18 49 34 35 26 37 28 19 45 31 46
856
50 29 33 30 47 18 35 32 31 49 45 46 44 39 34 22 38 23
745
49 24 33 44 35 31 36 34 21 50 22 30 47 40 41 48 25 42
274
17
1000
18
1000
19
1000
20
1000
21
1000
22
1000
23
1000
24
1000
25
1000
26
1000
27
1000
28
1000
29
1000
30
1000
1 2 3 4
375
1 2 3 4
917
37 2 43 3
123
25 2 36 42 3 34 28 30 13 43 35 9 1 49 21 29 19 14 44 8 39 46 7 22 20 24 40 26 38 32 6 4 31
567
3 18 8 35 30 6 46 12 34 21 10 17 40 32 5 36 13 19 37 43 44 31 38 2 49 25 29 26 47 23 20 9 22
768
49 9 19 45 10 26 43 21 33 14 34 41 6 47 3 31 37 24 11 4 13 46 23 8 38 1 30 22 42 40 20 39 35
957
39 27 9 21 28 7 6 49 14 36 13 34 25 22 5 24 35 42 46 15 40 16 41 26 1 45 37 48 47 29 38 20 19
766
7 8 13 23 2 45 43 5 18 14 47 9 22 32 12 33 34 25 36 41 29 4 38 11 50 10 37 3 28 46 6 40 19
555
39 18 13 29 31 12 19 43 20 36 10 26 27 33 22 44 45 42 15 40 30 28
906
39 13 14 25 24 23 10 45 43 33 30 19 32 38 21 35 41 31 28 36 26 27
907
44 38 45 26 22 40 27 15 13 23 24 14 18 25 37 11 10 35 17 12 34 33
908
29 36 45 39 20 31 10 23 32 18 34 43 41 22 24 19 42 30 26 44 13 25
908
19 43 10 14 40 31 44 38 16 32 11 17 15 41 37 33 45 30 35 12 27 18
789
39 32 40 25 27 31 41 34 19 10 30 37 22 14 42 35 38 12 28 21 26 13
789
41 25 11 32 40 39 30 22 12 20 43 10 17 35 37 23 27 34 38 19 28 31
967
38 23 27 43 45 22 31 11 10 37 41 40 34 21 20 17 44 42 19 33 24 26
967
45 43 29 16 38 19 35 10 26 14 27 23 34 13 44 21 15 17 30 41 24 31
896
25 19 15 14 24 20 27 36 16 10 41 12 33 22 31 29 32 38 13 28 37 39
906
13 10 17 15 19 30 32 21 43 18 35 39 41 14 26 34 36 12 37 25 42 20
896
40 35 36 23 37 12 33 42 34 15 24 32 29 38 22 39 41 26 19 20 30 17
907
14 45 33 42 38 16 36 18 27 32 24 20 17 35 15 12 22 10 31 21 44 25
467
33 32 18 40 21 45 36 16 28 26 13 11 19 29 43 25 10 31 35 42 38 17
576
30 43 13 34 38 18 28 17 37 22 24 12 44 36 42 39 29 41 45 23 26 40
846
16 12 21 23 15 31 45 25 19 35 26 13 24 10 37 30 43 28 44 38 34 36
867
21 32 37 5 18 23 10 6 42 3 34 15 45 27 47 29 30 11 48 20 13 26 36 40 44 19 14 1 43 7 22 16 35
999
45 23 19 21 43 26 12 41 46 28 39 7 16 5 50 29 32 11 1 14 2 10 34 35 33 37 9 17 15 49 8 40 6
1000
31 30 10 29 7 34 13 46 5 33 28 35 17 44 19 40 3 36 43 41 38 11 2 27 22 39 48 18 42 14 15 26 9
456
5 44 12 48 19 4 28 38 7 18 46 6 3 42 29 25 21 23 15 2 27 20 9 31 22 30 24 35 13 26 39 32 14
874
16 45 32 9 3 15 43 4 21 48 29 6 27 40 49 42 14 10 13 12 22 25 7 35 33 5 28 23 34 36 30 38 20
856
12 3 42
123
5 9 7 1 2 23 18
43
5 9 7 1 2 23 18
43
50
1000
45 33 11 42 34 12 27 46
1000
9 32 8 12 28 4 10 22
432
1
1
1 2
3
1 2 3
8
1 2 3 4 5
7
1 3 4
2
1 3 5
9
1 3
1
31
1000
32
1000
33
1000
34
1000
35
1000
41
1000
42
1000
43
1000
44
1000
45
1000
46
1000
47
1000
48
1000
49
1000
50
1000
1 3 5 7 8 9 11 13 15 17
525
2 4 6 8 22
400
4 5 6 8 7 9 10 22 45
245
45 46 47 48 49 50
432
5 6 7 8 9
1000
5 6 7 8 9
1000
5 6 7 8 9 10
999
4 5 6 8 7 9 10 22 45
500
4 5 6 8 7 9 10 22 45
250
37 43 13 28 50 1 3 46 30 42
678
35 21 10 13 5 46 47 43 44 22
782
13 37 9 15 26 29 39 24 48 3
899
44 8 29 24 23 18 28 9 45 1
954
28 39 37 50 43 14 35 27 36 11 7 19 32 9 16 6 20 34 45 44 24 42 3 1 31
857
12 35 33 40 36 41 15 8 29 17 30 44 4 34 11 49 23 27 18 10 50 7 3 20 38
600
23 33 17 12 44 3 43 13 42 8 7 45 14 24 34 26 1 41 31 6 10 50 32 40 25
456
14 24 18 36 46 45 40 13 4 2 38 11 39 23 30 29 12 37 25 20 17 16 48 35 8
1000
18 8 48 13 41 14 28 15 50 1 36 22 11 24 43 31 40 27 16 20 26 3 30 5 29
678
3 25 9 18 19 10 45 36 16 17 4 22 47 30 26 32 37 35 27 13 6 14 24 44 20
987
23 50 39 17 41 40 25 22 3 33 11 14 12 49 8 28 20 18 15 44 27 43 5 47 19
782
44 31 46 9 43 25 6 42 3 1 15 22 24 19 34 20 4 47 32 17 49 13 37 12 41
697
24 37 14 16 35 15 32 45 33 41 47 20 11 42 27 30 43 1 36 19 9 10 17 18 50
690
21 7 43 14 13 6 42 2 37 15 23 12 49 36 47 11 25 18 34 44 22 24 5 45 39
457
50 13 43 47 36 32 5 19 11 24 2 14 7 49 1 31 39 4 21 18 26 40 29 23 25 12 16 30 34 28
788
8 7 17 42 45 3 18 4 12 31 26 37 41 13 24 48 19 43 49 30 2 39 14 34 16 46 44 1 20 38
788
7 16 30 26 50 4 15 46 19 14 9 12 36 5 41 17 37 38 22 10 6 24 39 8 32 47 21 35 48 23
890
45 6 28 37 2 44 9 27 48 26 17 40 38 47 23 14 34 5 43 11 32 33 24 22 15 16 42 41 30 4
900
18 38 13 39 14 22 30 9 4 40 27 28 3 32 48 42 7 37 11 26 46 50 33 6 29 49 10 25 36 17
919
12 17 50 18 37 20 24 11 16 34 40 9 26 21 49 27 19 22 5 48 23 41 36 25 14 31 15 6 3 8
920
35 15 8 45 7 39 40 27 12 25 38 4 36 50 6 20 23 47 43 3 10 5 9 31 24 26 29 41 32 22
800
19 47 3 36 9 31 48 25 21 15 34 12 24 1 44 11 10 32 42 17 45 41 14 5 50 28 37 30 39 13
790
3 45 42 35 40 9 6 10 23 21 15 4 5 43 48 12 24 8 34 31 36 30 18 7 26 37 19 38 11 41
1000
13 14 1 4 28 43 8 34 22 17 38 11 39 32 33 40 36 48 45 49 27 2 20 19 6 9 16 44 5 37
999
39 26 31 9 30 19 47 49 14 28 17 12 5 2 35 44 36 21 15 18 24 48 29 43 27 25 3
899
2 22 8 46 5 19 41 30 44 3 9 24 28 36 33 25 7 47 27 29 15 20 45 18 50 49 6
345
39 41 9 31 29 13 22 27 14 40 1 37 12 19 5 32 25 18 34 24 11 17 26 28 10 23 6
789
7 22 2 28 11 48 31 29 34 20 46 15 5 10 19 37 30 17 45 36 3 23 44 4 18 12 1
900
8 34 42 50 29 38 30 39 35 10 20 47 44 16 15 48 49 26 41 45 7 2 43 25 5 13 12
789
22 45 38 48 25 47 9 2 35 18 50 8 21 30 49 36 12 43 46 17 28 16 31 5 24 39 33
987
26 34 35 2 48 22 36 12 50 20 4 15 46 27 3 19 49 28 38 37 11 10 43 39 8 32 18
1000
28 42 33 48 20 16 24 46 40 27 36 39 13 43 35 49 37 15 23 4 8 5 31 44 11 21 19
711
21 41 28 39 36 30 31 34 46 5 11 50 25 9 2 17 37 13 38 27 3 16 26 24 48 44 42
911
48 46 43 47 1 8 36 22 37 41 9 19 27 26 35 14 28 17 7 15 33 40 29 12 4 44 21
811
15 50 32 49 44 18 24 23 21 42 16 29 14 41 27 20 30 47 22 33 38 34 17 36 37 40 31
677
25 23 27 41 9 4 16 22 10 40 20 28 14 6 34 5 35 3 47 11 32 17 43 8 39 13 33
543
26 10 25 33 9 31 5 14 19 23 21 18 40 20 36 50 6 38 8 43 16 15 44 48 35 34 27
768
16 1 50 21 15 20 17 29 49 6 11 39 8 2 45 44 19 3 43 24 31 34 25 10 47 18 35
984
47 1 3 49 29 50 19 45 37 9 21 26 4 5 41 20 11 23 44 36 42 12 24 22 48 14 7
954
26 14 32 19 37 42 49 39 9 45 8 29 1 13 33 25 27 36 30 5 11 3 15 43 7 4 16
654
13 19 24 5 10 43 8 11 26 38 45 49 50 41 3 29 6 34 48 46 15 30 37 31 2 36 25
877
4 46 26 39 9 43 41 33 6 13 8 50 28 10 19 21 18 37 36 32 44 30 16 3 17 31 23
900
27 10 50 49 11 21 13 37 40 22 39 26 6 44 35 7 3 1 14 15 29 12 25 9 42 16 5
345
12 4 21 34 46 3 23 42 50 49 33 47 45 40 20 13 19 27 24 38 10 28 32 41 11 9 1
766
35 49 8 5 14 2 42 30 16 10 33 3 21 7 34 46 39 1 9 6 40 22 23 44 27 20 25
901
36
1000
37
1000
38
1000
39
1000
40
1000
27 48 26 32 25 23 9 41 33 14 38 44 29 50 11 10 31 8 28 3 7 43 1 5 19 49 4
902
19 46 28 22 48 13 34 18 21 35 25 6 10 7 44 5 26 24 43 31 27 30 38 20 41 9 42
903
37 12 36 22 15 17 7 3 20 9 14 19 49 40 42 33 16 11 26 32 13 27 30 8 35 38 41
904
22 17 49 40 27 9 15 6 47 16 44 25 26 21 3 23 2 34 33 14 24 10 39 19 48 13 38
905
14 30 2 35 29 33 3 1 25 16 32 28 36 21 40 43 31 7 10 45 37 22 12 17 26 15 47
789
16 6 46 22 41 21 47 27 5 9 33 1 26 38 31 3 29 20 25 34 37 28 14 12 4 2 48
852
3 36 20 38 49 50 44 27 12 1 6 47 26 13 31 35 41 11 30 19 43 48 34 42 21 7 22
1
41 21 47 22 39 33 44 25 5 9 16 18 11 43 15 19 50 30 20 2 38 27 17 35 1 23 28
546
15 40 41 42 5 33 11 43 36 6 31 1 25 24 7 38 39 20 37 27 23 12 46 49 32 47 26
932
8 50 37 21 18 25 17 3 39 47 5 28 35 14 41 6 13 10 49 12 1 42 31 48 19 23 40
877
23 49 24 41 28 8 9 27 12 48 39 36 18 32 3 15 34 10 5 4 20 40 25 7 2 33 31
900
18 45 20 38 42 30 25 48 22 10 12 17 1 3 47 19 37 44 40 11 32 21 23 15 41 6 13
1000
18 14 35 42 45 27 23 34 39 11 16 15 38 4 33 36 29 41 7 26 47 32 3 50 6 2 9
45
2 32 15 36 37 21 26 11 18 4 25 6 29 46 31 48 44 22 27 14 12 45 30 3 35 5 28
67
22 35 20 31 46 23 28 27 44 1 14 40 37 34 26 32 36 17 15 10 5 16 4 11 19 9 50
154
31 44 34 26 41 15 42 22 33 45 21 23 12 28 1 50 39 29 35 8 9 5 49 10 46 43 47
567
15 43 42 20 31 45 2 6 18 29 19 23 48 17 50 36 16 46 1 40 12 28 7 41 26 10 3
784
32 26 42 6 27 4 8 38 36 13 15 29 43 50 12 17 39 44 24 46 3 22 41 25 11 18 9
874
50 42 1 4 5 40 11 27 7 47 6 43 32 12 8 30 26 29 3 23 48 13 36 24 9 16 22
900
21 16 17 25 37 32 30 45 47 11 49 38 24 46 26 14 27 48 9 20 35 12 18 13 36 19 5
923
30 50 1 45 49 14 36 32 39 33 13 3 27 8 25 6 41 35 48 4 22 17 10 28 34 18 24
983
27 44 7 28 45 12 46 49 2 19 11 48 13 1 37 35 31 26 9 23 33 16 43 42 38 4 3
469
14 44 23 34 4 18 50 37 25 39 33 3 40 32 1 24 6 30 36 35 43 45 2 12 28 11 15
365
34 18 4 44 36 49 15 46 33 50 2 27 13 21 35 30 41 9 38 12 43 24 48 25 6 14 42
855
7 33 2 39 19 21 14 10 6 13 34 30 3 27 26 20 32 29 11 25 35 4 44 17 15 43 31
963
36 14 28 38 37 24 1 17 33 5 43 8 10 44 39 3 41 31 46 20 2 13 6 12 7 49 19
942
42 23 24 47 2 43 34 32 31 1 18 22 6 9 46 20 8 7 36 29 50 27 26 5 33 45 41
376
3 7 2 48 26 4 36 38 6 29 17 30 40 33 23 43 25 15 13 37 1 22 21 14 28 11 42
925
49 34 23 8 25 47 44 10 38 36 15 40 39 20 12 31 27 1 22 4 21 45 50 48 18 28 5
844
10 9 38 35 23 5 17 19 41 3 18 24 4 26 31 50 1 39 21 43 49 29 46 40 34 6 42 8 32 11 33 48 16
835
24 19 6 16 26 22 28 41 13 33 11 46 25 8 35 49 32 3 30 39 7 47 21 23 27 20 9 10 42 37 4 48 44
935
11 33 1 7 30 15 40 9 43 47 5 8 21 16 45 28 19 24 23 36 42 31 12 37 44 27 38 6 18 25 34 35 39
257
12 15 46 1 34 5 28 45 14 23 19 6 26 42 44 48 24 47 29 35 32 50 16 31 33 41 30 3 43 2 49 9 10
936
22 24 10 23 49 9 33 35 18 32 44 46 48 21 37 12 17 50 40 42 2 36 25 30 7 1 20 29 4 38 3 41 31
935
38 26 30 48 16 46 49 9 28 29 35 5 31 7 21 3 15 13 42 34 22 12 1 41 18 45 6 39 20 8 37 17 33
267
42 2 8 37 34 38 35 1 41 40 6 17 15 10 39 5 9 25 24 14 13 48 50 29 22 7 43 47 19 32 11 27 18
999
36 26 16 22 35 20 21 41 24 23 13 31 7 5 50 8 15 27 3 2 12 28 17 19 40 38 39 6 46 49 45 18 10
1000
29 49 1 23 13 48 46 36 18 43 41 31 16 5 8 45 11 35 6 4 22 40 34 50 25 21 9 28 30 19 33 27 26
467
20 24 39 17 19 22 21 33 28 42 16 49 35 38 2 11 50 36 32 43 7 48 12 3 1 8 40 45 14 34 47 10 46
836
11 32 10 21 1 2 24 6 25 44 18 13 37 43 3 5 40 12 20 14 15 29 33 46 49 28 17 7 48 19 50 41 34
835
27 39 47 31 32 19 10 44 15 46 11 34 37 12 8 23 28 50 17 18 9 1 33 40 26 42 48 3 13 20 45 35 24
824
49 25 45 27 5 11 10 40 8 3 22 1 13 36 29 20 21 38 30 7 43 9 2 41 24 26 44 28 50 6 14 15 33
899
14 12 8 39 26 28 42 33 36 47 45 20 38 3 35 2 1 10 25 7 34 15 16 11 32 21 17 49 24 50 13 37 19
496
49 36 5 19 32 12 31 45 9 16 24 43 33 44 47 10 3 8 23 13 2 21 34 48 35 38 17 29 26 37 11 15 39
935
9 48 47 32 39 26 38 40 44 50 24 4 7 25 14 36 10 1 16 8 18 12 46 2 3 23 35 29 6 41 11 45 28
744
27 4 45 35 29 5 37 44 48 47 34 11 31 25 21 12 42 13 7 22 28 18 15 10 49 43 24 38 23 40 6 17 16
768
49 29 11 30 24 32 41 20 44 23 14 12 37 47 35 3 26 39 27 4 43 45 1 8 25 46 40 16 19 18 48 34 28
957
40 8 41 6 44 29 4 30 32 42 12 45 9 36 5 34 37 28 15 35 50 2 17 33 7 10 1 19 43 48 27 31 47
899
19 4 10 25 27 39 49 40 33 2 38 29 1 15 26 36 45 31 6 24 42 7 3 34 14 16 8 5 18 37 21 28 41
543
16 20 30 17 34 50 12 10 32 19 24 22 13 23 3 39 28 1 7 43 49 40 11 33 18 4 15 35 26 14 44 41 27
789
40 22 21 6 37 7 3 43 10 19 13 20 17 33 26 8 27 14 44 45 16 29 24 1 25 12 2 38 49 42 35 32 46
899
33 43 40 8 38 21 34 36 18 24 28 17 16 31 42 12 10 23 35 49 27 29 1 6 20 26 46 25 48 37 41 32 22
979
32 16 5 12 21 1 14 24 20 4 3 22 45 30 8 7 29 10 40 6 17 26 27 9 28 43 50 19 48 2 18 42 34
345
5 47 9 30 12 7 11 31 10 27 14 50 19 6 22 43 23 8 17 45 24 13 18 49 1 39 41 34 35 29 38 26 3
657
23 38 3 33 20 16 34 43 24 36 37 29 21 14 18 42 25 28 11 9 41 1 30 10 49 6 4 27 47 32 22 26 13
956
11 1 17 48 7 31 2 22 20 42 30 6 9 50 44 37 3 15 32 16 34 27 19 23 26 47 12 29 28 4 39 14 43
783
30 33 6 27 2 28 10 12 40 31 46 29 42 15 18 50 32 26 24 3 44 4 11 39 9 16 49 37 25 23 17 48 36
634
13 47 36 39 49 25 12 38 1 10 7 46 43 26 16 19 5 6 31 22 40 50 44 33 24 28 9 45 20 17 32 15 8
766
9 12 45 43 30 42 35 28 1 24 48 17 40 46 31 33 18 39 21 23 4 34 16 41 25 22 50 49 13 32 26 8 44
872
22 27 32 8 39 26 44 10 15 35 48 20 42 12 40 5 33 19 38 16 36 28 34 31 6 18 23 47 46 41 50 13 11
872
6 46 48 32 45 30 38 37 43 14 20 12 34 26 1 47 18 36 7 44 21 11 39 5 9 40 4 24 2 42 28 15 13
872
3 43 17 8 25 13 20 19 15 49 34 1 23 27 30 12 33 7 48 42 21 10 44 16 6 26 38 45 46 5 36 32 2
872
12 26 33 22 21 31 9 42 34 14 17 28 27 47 7 19 48 8 16 37 43 45 20 49 30 38 25 11 4 41 44 1 3
568
34 10 33 9 28 38 17 19 35 3 42 6 27 50 4 36 11 43 21 16 18 1 48 40 22 13 32 41 49 20 45 5 37
34
31 4 37 28 29 49 15 46 38 13 22 23 26 9 14 1 2 20 12 45 18 42 36 27 32 3 6 17 16 50 24 25 30
99
50 9 30 36 33 34 32 23 24 38 35 49 25 37 43 12 21 11 27 44 13 1 17 3 7 26 5 8 22 40 31 16 4
245
20 10 43 14 32 40 11 44 25 29 6 41 50 22 18 9 27 17 4 36 26 30 48 5 31 19 1 49 7 45 21 24 3
647
21 9 14 11 23 22 1 29 15 46 37 24 28 34 30 7 27 3 31 47 36 26 16 12 49 6 8 45 44 35 38 40 5
789
22 10 18 26 12 1 15 28 3 39 27 17 40 8 25 45 5 41 7 44 49 14 37 20 47 36 38 24 50 2 9 4 42
899
44 31 17 43 34 50 35 32 6 13 5 20 29 40 28 36 25 39 14 41 30 24 42 38 21 11 15 4 26 33 7 1 48
1000
46 11 41 27 6 8 2 37 34 21 47 1 5 43 30 16 4 20 13 33 36 28 18 31 35 19 9 50 32 42 24 49 39
1000
38 40 25 35 39 37 18 11 50 21 3 17 19 47 15 29 41 22 42 12 20 36 30 48 27 26 16 49 43 28 5 31 33
1000
29 46 17 3 5 13 27 26 14 21 23 48 33 38 22 11 30 9 41 49 31 44 8 39 15 25 18 10 47 35 24 20 2
1000
1 13 37 15 8 41 35 38 12 27 48 25 31 47 9 49 7 20 10 5 4 26 21 2 43 18 39 44 40 30 23 3 50
566
23 32 19 30 35 9 1 7 25 43 2 11 46 42 37 21 26 5 41 4 29 15 3 27 22 45 14 20 10 50 6 36 39
856
24 5 37 19 34 22 26 7 9 6 17 15 18 2 38 50 48 3 30 21 46 13 39 31 4 8 28 10 20 27 35 41 47
789
30 38 34 35 25 46 21 14 27 32 17 4 19 42 47 43 8 48 12 31 13 39 7 5 6 26 44 28 49 45 11 1 9
893
5 41 37 23 15 47 16 25 21 43 29 13 6 39 3 14 42 36 22 31 2 38 40 19 4 9 27 35 17 50 18 30 46
896
32 9 22 43 21 19 46 29 24 27 33 25 13 16 14 20 47 36 38 7 49 44 11 37 34 30 45 26 2 28 6 15 39
976
49 43 44 16 35 28 9 38 22 14 12 17 27 26 1 7 10 42 32 31 3 21 2 13 30 36 8 4 41 25 50 19 23
354
37 13 41 45 5 44 48 29 11 32 10 21 36 8 7 16 20 19 6 4 17 38 39 34 43 12 26 40 18 49 35 27 1
756
10 28 36 13 50 47 9 14 16 43 34 32 26 27 11 40 33 42 41 8 21 30 38 19 22 6 15 25 37 18 5 20 49
785
11 50 14 4 48 37 28 25 17 5 29 47 49 27 16 20 8 39 13 26 33 35 32 7 21 15 42 31 22 46 9 30 40
899
42 39 40 38 41 30 22 46 18 45 23 25 36 43 12 11 32 3 31 24 5 16 34 28 19 1 29 13 37 6 50 26 8
985
26 44 38 37 32 28 8 48 16 39 46 34 49 36 9 22 15 3 43 29 31 33 20 41 6 19 25 11 13 7 1 30 47
109
31 29 11 13 10 25 3 49 30 37 12 46 24 15 20 6 33 23 47 32 34 43 48 36 38 50 40 7 17 9 44 18 14
486
35 39 28 11 10 9 43 26 22 41 6 44 34 46 8 36 50 45 32 30 13 23 29 1 25 14 38 7 42 31 2 18 24
895
4 38 25 49 45 14 9 40 31 42 21 46 12 10 15 22 18 28 20 35 11 3 39 41 1 32 24 27 5 33 36 50 23
785
29 34 48 41 32 1 9 15 28 50 43 11 12 30 36 23 45 13 21 35 20 31 33 19 14 7 27 17 8 37 46 3 26
999
15 12 18 8 4 25 10 5 13 7 44 23 11 14 22 42 37 26 35 50 21 9 46 2 43 29 34 31 27 49 16 28 32
989
9 19 44 10 40 28 34 1 2 50 18 37 32 14 3 26 39 27 43 49 16 21 41 45 4 35 23 29 7 15 36 12 13
785
22 46 2 34 28 32 4 5 29 42 14 20 13 23 10 3 35 50 25 18 1 7 45 15 17 44 6 8 30 49 19 36 26
567
47 28 19 9 1 29 20 22 36 13 2 43 32 44 41 48 50 17 25 39 27 24 5 33 30 42 35 45 3 10 7 31 46
172
49 1 14 31 43 18 34 30 36 35 27 25 5 2 38 41 39 42 19 6 17 29 3 47 40 50 8 26 15 10 9 16 11
899
19 8 43 21 50 4 44 45 38 49 37 3 30 20 47 16 42 9 48 46 27 12 32 5 33 34 7 39 35 36 24 14 25
756
23 28 19 38 43 7 14 24 8 6 2 1 37 39 9 16 26 34 44 20 13 47 21 42 18 3 10 5 11 48 41 31 49
846
42 48 35 21 24 6 12 41 44 25 7 27 1 5 13 20 31 47 15 2 45 16 34 22 11 37 3 8 39 14 50 4 38
876
29 7 31 12 34 11 32 2 47 17 21 18 41 30 27 50 6 3 19 14 44 45 5 16 35 15 33 38 23 42 26 1 39
890
2 19 50 7 45 33 13 49 27 17 42 3 38 20 36 26 48 35 6 46 28 39 44 5 23 34 22 9 10 47 11 1 16
999
44 48 16 17 39 47 4 46 19 9 26 29 8 1 32 11 27 5 22 10 41 6 20 7 50 21 35 40 12 42 15 31 25
1000
43 14 36 6 19 41 18 33 16 1 38 25 37 13 47 48 26 17 40 32 24 50 3 21 10 12 27 8 11 31 9 5 2
975
47 9 28 44 30 6 23 11 22 42 26 32 49 13 10 16 8 31 29 14 50 35 27 46 5 37 24 15 40 2 17 21 19
1000
50 45 42 19 27 3 26 34 9 31 5 16 14 22 30 2 21 43 28 4 41 48 37 44 49 35 7 8 23 20 15 33 29
657
8 13 25 40 12 18 16 17 6 9 24 32 15 42 31 3 28 48 37 2 50 33 27 34 23 45 22 14 20 44 7 30 35
789
1 8 34 2 18 22 41 6 12 30 50 5 40 26 17 20 33 19 14 49 38 4 11 37 47 44 15 39 31 16 36 23 9
898
10 37 1 30 25 38 11 24 17 43 26 35 5 4 22 20 15 33 41 48 18 8 28 50 13 21 12 49 19 39 44 34 3
978
38 29 8 40 18 39 26 22 21 23 28 12 50 35 42 15 14 6 37 25 3 20 49 27 44 32 45 1 11 10 7 36 9
767
30 45 32 7 47 13 11 38 18 16 20 46 4 21 43 19 42 28 10 34 50 24 6 2 23 22 36 27 8 9 29 37 5
899
19 4 34 10 24 16 20 46 23 43 13 2 15 31 6 25 21 45 7 36 12 50 8 1 42 35 44 14 28 32 26 11 49
1000
40 8 33 48 29 31 20 5 14 12 44 38 34 19 49 25 21 11 6 4 16 28 26 18 39 45 1 32 47 2 37 7 10
979
41 27 42 15 30 2 11 35 8 13 21 29 5 43 49 39 1 50 20 33 7 45 38 24 46 18 28 10 16 40 17 14 44
789
13 37 30 6 47 42 25 49 31 33 3 32 15 2 10 18 1 5 50 19 20 48 35 46 11 39 17 28 36 7 14 40 43
786
6 22 46 44 18 39 19 1 49 25 42 37 7 21 30 12 33 29 5 31 9 26 38 47 4 36 10 2 13 41 8 3 50
935
18 36 43 13 27 8 33 15 6 49 22 21 12 50 5 45 23 11 25 17 4 37 26 41 40 2 44 31 35 29 46 10 1
677
46 11 4 24 16 12 9 15 39 30 28 22 36 17 20 43 37 23 13 3 44 34 40 32 47 27 45 21 1 14 19 26 8
878
3 9 26 10 28 50 47 18 12 16 17 11 27 15 48 2 20 8 49 31 35 38 39 29 40 46 34 37 32 13 23 6 19
898
41 26 48 27 3 50 47 45 8 19 11 6 37 43 36 35 46 39 16 32 4 25 14 42 24 17 23 18 9 44 28 13 10
919
14 18 31 28 41 27 22 15 43 25 50 42 44 4 45 26 40 24 38 46 17 48 9 19 21 1 30 20 13 11 36 37 34
950
46 2 9 15 50 23 25 37 29 3 41 1 14 28 31 39 11 44 19 30 7 5 18 49 6 26 16 22 20 10 48 13 32
767
20 3 33 7 25 41 24 42 28 27 17 13 30 38 9 44 32 10 11 16 12 4 39 31 19 5 40 35 8 37 15 6
899
36 11 2 39 1 8 23 22 41 6 38 20 34 42 7 16 45 43 14 37 40 27 31 21 29 32 18 12 25 15 13 24
898
10 14 29 43 37 45 28 13 44 16 42 31 38 17 8 15 22 1 12 3 36 39 11 4 26 40 30 34 18 2 33 25
900
40 9 29 17 42 25 3 31 20 10 45 12 16 43 22 1 13 36 18 24 14 7 39 37 44 23 21 2 38 30 15 33
901
1 25 33 23 21 27 14 19 42 22 38 36 41 40 18 13 35 15 20 5 12 39 24 29 43 34 7 26 11 31 9 16
899
15 5 19 26 11 40 30 21 23 36 39 12 9 4 16 38 14 17 6 7 42 41 44 25 2 24 45 27 22 32 1 13
756
6 41 32 27 25 45 15 18 11 33 16 3 38 42 35 34 30 39 44 37 12 8 9 5 40 43 1 14 13 20 2 17
878
29 10 18 24 44 1 17 32 8 37 4 27 34 45 20 28 5 30 38 3 9 39 25 15 31 42 12 6 14 40 33 21
898
43 36 26 34 1 40 13 15 23 10 27 14 35 45 17 33 2 12 30 28 37 25 21 44 3 6 32 38 18 42 9 39
789
18 23 3 15 16 8 30 17 7 41 27 14 40 20 39 22 31 37 29 34 12 28 5 42 1 44 45 32 13 9 38 35
899
23 35 9 36 6 37 27 3 18 5 31 32 10 34 2 12 19 22 45 44 8 20 21 38 11 42 41 1 15 26 25 39
989
42 3 19 43 45 39 27 4 12 1 25 9 10 44 31 23 29 32 41 37 6 5 17 20 21 40 28 14 22 26 30 24
890
45 27 19 3 31 13 14 10 22 40 2 23 26 12 5 44 33 39 9 18 30 15 34 6 29 25 21 11 7 28 41 43
789
41 25 3 12 35 32 21 28 38 44 14 26 43 33 6 45 24 22 5 36 18 4 42 7 31 13 39 15 1 20 8 10
919
31 25 39 44 36 3 34 5 7 6 33 43 15 23 17 26 32 11 45 22 35 8 12 18 10 16 28 27 14 1 4 40
920
22 4 34 5 10 21 1 31 25 27 26 12 18 43 16 37 20 30 17 3 44 42 6 2 8 41 45 7 28 35 14 19
800
26 23 2 3 27 30 34 41 32 16 6 8 5 37 43 42 12 21 15 9 29 20 35 24 22 39 44 40 19 14 11 10
801
35 14 6 13 1 20 16 21 38 28 32 3 33 5 17 31 2 4 36 37 26 41 7 43 8 15 45 25 42 39 11 12
818
28 17 19 2 40 30 15 1 23 24 41 39 43 22 20 29 18 13 3 12 21 9 8 14 7 25 27 4 6 44 5 33
978
1 19 31 7 36 44 33 43 27 40 16 20 38 9 2 37 11 3 29 39 26 42 28 35 8 45 21 4 25 30 22 14
999
32 40 2 36 7 31 30 5 22 42 39 6 27 35 11 10 15 14 45 33 37 17 43 4 24 19 21 3 16 12 26 9
976
38 32 15 20 45 27 39 8 37 26 6 36 25 18 42 2 3 22 23 29 35 5 14 1 17 9 24 16 7 33 21 10
679
28 42 23 8 43 11 15 19 24 12 34 35 2 30 26 32 37 3 5 18 31 14 20 9 45 17 6 38 10 22 16 41
567
12 4 22 5 2 31 35 45 11 43 40 18 10 17 15 6 20 16 7 9 28 32 37 13 19 33 34 25 24 44 26 39
897
15 9 14 26 5 18 35 2 31 20 7 27 13 16 17 44 6 29 33 4 40 21 12 1 39 32 10 45 34 42 8 41
956
22 25 33 5 39 2 28 8 20 32 21 7 30 40 19 29 14 45 16 35 31 27 23 3 13 11 43 44 15 26 37 4
1000
23 43 15 22 24 21 18 14 32 20 36 2 25 12 33 30 31 45 38 44 7 28 37 41 35 4 8 26 3 9 10 19
876
11 23 37 45 40 6 43 3 32 36 8 16 19 26 2 17 15 29 20 9 28 5 10 44 33 30 24 1 39 27 42 38
901
32 37 1 10 24 33 15 13 17 41 27 19 2 39 3 43 36 9 34 28 26 29 45 44 30 42 31 8 20 22 38 6
456
13 12 6 29 18 17 7 45 25 3 27 37 5 9 15 20 41 40 1 32 28 22 10 24 2 44 34 14 36 33 42 4
878
23 26 3 21 38 29 44 43 12 20 13 31 35 34 2 11 30 9 33 36 32 6 18 39 27 7 1 8 40 22 19 15
788
27 8 24 38 18 36 25 3 7 39 14 32 15 29 5 2 6 4 17 13 23 11 10 12 20 16 37 35 22 41 28 26
765
8 1 2 11 35 3 43 20 29 45 26 18 7 30 6 37 15 28 38 34 16 40 22 5 33 36 12 27 19 17 23 24
898
7 45 16 23 11 29 40 3 21 5 42 35 9 41 12 8 18 2 44 4 43 14 32 17 36 15 38 20 25 13 33 37
890
13 41 8 3 25 36 42 14 28 24 18 44 38 9 22 43 39 20 2 7 19 23 4 31 37 6 17 21 5 33 30 26
696
13 6 33 12 23 2 17 3 45 42 25 34 35 15 40 44 41 21 28 24 29 8 37 7 43 31 14 36 26 30 18 5
793
33 32 24 15 16 2 22 43 45 21 18 44 7 14 4 42 1 17 11 37 26 5 28 38 25 27 39 9 30 36 13 19
789
27 32 39 40 10 34 30 12 14 29 4 8 41 28 33 22 1 9 35 26 42 36 25 2 6 37 38 17 23 20 11 3
890
18 12 22 1 7 36 45 26 29 44 40 30 11 4 21 9 28 6 17 41 10 31 20 37 42 15 33 25 8 2 13 23
895
8 23 5 38 3 21 20 45 26 4 12 28 15 10 34 25 39 1 42 19 41 29 18 37 36 9 31 6 17 14 43 11
897
42 17 44 39 45 36 43 9 40 11 26 25 33 1 27 22 6 41 24 13 16 20 7 37 2 8 18 35 23 5 3 31
901
40 24 10 17 13 33 30 29 31 8 9 3 2 18 32 41 12 45 5 11 43 27 26 6 44 4 21 23 14 39 35 7
799
34 41 27 32 11 20 13 26 12 16 5 28 17 38 14 22 4 40 33 25 6 29 45 43 39 31 37 21 8 23 10 44
899
14 18 12 10 24 1 33 36 2 45 20 21 15 39 22 19 38 17 16 11 42 26 8 9 31 37 4 32 29 3 44 6
903
29 42 9 37 11 44 28 22 7 5 14 3 8 25 2 15 40 31 4 27 26 35 45 30 6 10 38 17 21 34 12 20
896
41 25 14 28 36 30 9 4 26 7 18 6 5 40 11 29 44 37 43 38 12 17 15 19 21 13 10 34 33 23 1 8
986
13 22 2 42 29 32 7 3 26 33 5 35 37 20 44 11 16 14 19 45 17 21 30 10 8 18 27 9 6 36 40 38
900
45 40 14 30 24 17 22 34 42 10 41 44 16 38 36 28 21 11 9 26 2 13 43 4 8 6 25 20 19 32 23 5
901
45 10 12 18 43 2 34 22 35 14 32 21 9 7 29 20 33 11 23 37 40 19 25 36 28 16 17 42 5 13 15 38
905
26 17 5 41 29 24 9 25 12 40 31 13 27 23 16 36 37 4 1 42 28 21 11 14 10 39 43 32 44 3 33 18
899
12 20 5 7 6 22 27 33 29 23 35 14 38 43 13 41 21 26 19 45 37 44 11 2 1 25 32 36 10 9 3 39
809
23 3 30 9 28 20 14 27 44 7 18 8 19 2 6 21 10 26 24 32 1 42 33 29 11 35 13 15 12 39 40 45
675
16 45 32 20 37 8 36 33 9 44 10 1 17 14 18 35 38 13 5 42 41 4 25 28 34 27 24 30 31 2 15 43
675
11 29 36 12 43 21 5 22 24 44 15 32 31 13 7 18 2 25 6 10 35 33 45 38 27 8 42 3 40 1 41 16
675
19 34 13 1 41 18 31 44 32 4 28 17 8 3 6 33 43 40 2 12 7 23 38 27 25 30 22 29 35 24 9 5
675
31 35 6 12 10 19 9 11 44 33 40 14 16 25 2 38 18 13 26 8 39 3 20 21 29 42 7 37 30 41 22 32
897
18 37 24 28 10 41 32 43 34 29 27 21 35 5 20 14 30 2 17 25 44 40 22 8 4 19 15 39 7 13 3 45
897
11 39 16 22 40 15 24 38 35 43 25 41 5 42 20 37 12 1 2 27 9 8 44 19 21 17 28 4 18 45 13 31
987
11 8 42 26 13 21 18 24 31 3 20 35 41 4 40 1 5 2 27 10 22 39 25 19 30 28 16 36 14 43 34 7
879
6 41 12 22 30 43 29 9 35 36 34 3 27 38 17 18 31 42 40 37 1 2 24 45 19 14 33 7 11 20 26 10
980
1 2 13 31 42 41 5 16 39 34 22 9 25 30 29 14 4 33 11 19 35 20 6 3 18 36 38 8 32 21 37 12
878
40 41 35 34 31 36 5 12 23 37 8 4 45 33 20 29 21 9 38 43 25 1 32 22 28 11 24 15 17 7 19 14
898
27 30 9 7 19 15 25 21 4 3 37 6 18 44 13 12 28 33 43 34 35 26 16 8 23 1 2 24 17 42 11 39
809
4 7 36 40 28 15 13 2 12 44 18 24 16 25 1 19 45 10 3 5 43 26 42 6 29 20 41 11 32 35 34 30
789
27 14 34 40 35 13 24 6 11 3 45 1 17 4 10 19 38 26 39 2 9 20 8 18 43 23 21 36 22 5 33 31
597
40 42 3 28 7 24 41 12 44 31 23 13 33 8 29 32 9 21 20 14 25 4 2 27 43 30 16 17 36 18 11 22
908
35 11 1 9 45 12 5 30 38 22 26 28 27 3 4 6 36 23 15 32 43 40 2 42 20 13 34 37 25 19 31 14
897
2 18 31 36 19 28 20 1 27 37 17 21 4 43 9 12 25 13 41 3 6 24 16 26 34 38 14 39 10 5 35 8
945
19 9 23 7 31 5 36 42 38 43 16 12 6 40 30 32 1 15 3 10 26 25 14 33 21 20 28 11 4 35 45 44
745
30 15 23 21 20 35 11 34 39 24 28 40 38 22 17 19 32 33 37 12 42 13
877
33 34 31 43 41 13 45 36 38 42 12 39 10 19 44 17 24 35 26 28 11 23
843
34 12 19 31 10 28 32 41 30 20 24 36 21 29 39 25 35 38 14 45 27 17
976
14 28 32 16 27 39 26 30 44 10 17 21 25 34 42 35 33 31 37 45 23 11
709
35 18 34 22 24 27 37 19 11 30 44 13 28 25 23 38 39 42 15 14 17 32
567
32 42 31 44 41 34 30 16 22 17 15 19 43 24 18 10 38 11 45 35 39 21
897
37 23 41 12 26 13 19 28 33 29 35 27 30 40 38 22 44 14 42 21 18 31
905
38 45 18 19 36 10 16 31 42 26 43 15 11 21 13 28 14 35 39 27 23 22
798
39 24 12 14 32 26 22 34 15 19 35 10 29 37 17 45 44 41 42 18 43 36
906
34 38 42 36 13 27 25 29 10 35 45 37 23 39 28 11 21 30 22 15 17 33
896
41 49 28 19 43 40 31 23 33 32 34 44 27 25 26 48 50 46
915
43 27 20 30 44 33 26 25 41 49 36 34 22 46 48 47 38 24
746
48 49 33 27 34 24 31 23 45 43 30 47 39 32 20 29 50 18
697
44 36 29 47 39 20 45 32 26 19 18 41 21 34 31 24 37 46
385
26 40 23 33 19 42 32 44 50 25 27 20 47 24 38 45 48 31
697
46 26 19 30 34 21 37 45 40 24 33 39 38 43 31 32 36 22
385
30 36 34 20 31 32 26 40 43 39 22 45 24 49 23 50 37 19
385
29 27 35 25 18 23 42 33 26 47 41 36 39 19 46 34 38 49
978
26 31 14 16 33 39 41 32 43 30 23 10 28 12 38 22 15 45 36 35 19 42
567
23 12 10 20 26 15 36 17 28 13 44 29 37 11 43 33 38 19 31 21 35 18
957
26 23 29 21 43 41 11 45 42 31 17 37 34 15 27 20 40 35 22 24 36 33
794
30 20 35 27 42 31 10 38 28 43 15 29 24 17 14 11 21 37 45 39 23 13
784
34 41 39 14 37 11 26 15 24 40 17 45 31 35 33 42 28 27 23 18 44 32
456
33 35 39 29 38 18 11 13 44 22 36 10 20 25 21 17 12 37 15 34 42 41
756
33 23 20 22 38 13 34 42 36 14 27 43 21 10 28 26 11 40 30 18 32 25
785
24 41 30 38 25 17 27 39 42 45 15 21 12 40 37 28 16 10 18 36 29 26
867
11 25 44 36 13 24 30 45 35 14 27 32 19 22 43 38 31 16 41 39 33 37
846
29 43 14 16 17 45 28 39 22 19 42 18 10 11 41 21 40 31 13 15 35 34
866
24 37 15 41 17 36 33 12 44 11 18 43 23 26 27 14 10 19 45 16 39 21
957
14 32 16 27 11 35 43 22 42 20 21 31 18 15 39 44 34 17 12 40 13 25
897
25 14 18 23 36 35 24 21 29 31 20 39 44 19 10 40 13 28 42 33 22 45
965
39 24 10 14 36 38 23 18 45 29 40 13 32 42 44 41 22 11 43 25 31 20
946
24 30 33 38 41 37 22 17 13 20 21 23 27 42 32 36 45 31 10 39 16 28
899
27 30 11 12 31 24 32 23 36 26 37 29 35 14 13 20 44 22 42 34 25 18
891
22 40 42 21 34 45 25 44 37 35 27 30 28 18 32 26 10 23 14 15 11 16
935
14 23 32 41 13 18 42 15 24 37 27 45 22 20 21 26 19 43 11 36 29 16
905
34 24 26 11 13 10 19 27 22 12 21 39 42 31 44 45 20 35 41 38 17 18
797
31 16 38 24 15 33 34 21 25 36 18 20 40 17 41 13 22 42 29 45 12 26
188
24 11 41 45 26 32 38 33 14 42 30 34 31 25 12 22 23 17 29 18 15 43
117
35 32 27 43 36 12 20 10 24 37 13 44 31 39 33 22 34 29 38 25 18 14
905
12 32 17 28 14 26 33 31 43 29 23 24 11 44 21 25 18 16 19 41 37 38
867
12 25 13 26 39 32 33 40 18 41 16 20 11 28 24 35 21 19 22 29 34 14
576
13 28 41 21 30 12 26 39 23 37 22 16 31 32 19 15 17 33 42 14 40 10
905
45 18 34 40 36 30 23 17 38 33 31 35 10 43 19 15 22 24 16 41 12 39
890
41 17 42 40 12 14 15 45 27 29 22 23 16 25 35 32 31 19 36 39 43 13
785
18 23 25 44 13 38 26 45 35 36 40 43 31 20 24 10 28 27 34 41 39 17
789
23 17 37 31 11 26 38 28 19 33 10 34 16 22 44 25 43 41 29 35 36 32
891
29 38 41 13 12 43 33 24 22 18 28 26 11 30 23 40 45 31 20 37 10 34
894
16 34 11 22 26 14 44 25 37 21 19 33 41 15 13 32 35 23 27 43 36 17
674
28 33 26 38 34 39 29 35 43 30 50 27 25 31 37 42 41 21
495
50 35 20 41 42 18 29 34 48 40 44 49 47 46 33 25 43 26
492
23 19 46 34 50 39 18 27 29 24 32 40 47 38 21 35 37 25
893
47 42 22 28 32 19 23 38 46 48 49 36 39 35 27 24 25 26
846
50 48 24 43 18 21 20 36 38 25 30 29 46 44 23 34 31 26
576
18 41 46 49 31 35 39 23 26 50 30 32 40 43 29 42 45 33
897
26 43 46 45 33 47 25 18 34 29 37 20 28 41 38 27 36 39
896
41 29 50 35 49 24 43 28 23 37 22 31 20 25 44 38 33 39
628
36 35 39 32 29 34 44 31 40 33 38 18 27 45 42 46 23 19
827
36 25 34 19 27 35 28 31 47 46 45 44 21 20 40 48 39 38
901
36 27 49 20 50 24 37 30 33 46 39 31 25 21 41 29 34 40
999
27 50 35 36 26 29 22 30 46 47 42 25 23 39 37 19 43 20
936
25 19 50 30 18 29 39 49 33 38 45 26 35 23 46 20 40 43
284
42 24 49 41 47 21 18 48 34 29 20 40 31 23 28 43 22 32
936
24 18 47 25 36 20 46 22 42 35 28 34 44 26 27 19 31 48
285
