161
23
1 11 17 18
79
102 103 104 105 119 120 12 13 14 15 16 121 122 123 124 147 148 149 150 151
69
161 90 52 36 4
39
39 40 41 53 54 64 65 66 67 68 69 70
10
19 20 21 22 23 24 25 26
16
110 111 112 134 26 94 36 135 136 137 138 139 140
64
71 72 73 74 75 42 43 51 52
2
125 126 127 128 129 143 144 145 146
1
131 132 133 108 109 110
96
127 128 129 143 144
31
1 2 3 4 5 6 7 8 9 10 11 12 13 14 15 16 17 18 19 20 21 22 23 24 25 26 27 28 29 30 31 32 33 34 35 36 37 38 39 40 41 42 43 44 45 46 47 48 49 50 51 52 53 54 55 56 57 58 59 60 61 62 63 64 65 66 67 68 69 70 71 72 73 74 75 76 77 78 79 80 81 82 83 84 85 86 87 88 89 90 91 92 93 94 95 96 97 98 99 100 101 102 103 104 105 106 107 108 109 110 111 112 113 114 115 116 117 118 119 120 121 122 123 124 125 126 127 128 129 130 131 132 133 134 135 136 137 138 139 140 141 142 143 144 145 146 147 148 149 150 151 152 153 154 155 156 157 158 159 160 161
631
76 77 78 79 93 94 95 155 156 157 158 159 160 161 4 5 6 7
19
44 45 46 47 48 49 50 2 3 8 9 10
23
6 7 26 8 9 62 10 84 11 12
61
27 28 29 30 31 32 33 34 35 36 37 38
17
1 2 3 4
81
106 107 113 114 115 116 117 118 88 89 90 91 92
63
80 81 82 83 84 85 86 87
19
136 137 11 65 36 138 14 139 94 140
32
130 131 132 133 108 109 110 111 112 134 135 136 137 138 139 140 141 142
12
96 97 98 99 100 101 152 153 154
36
55 56 57 58 59 60 61 62 63
46
78 79 31 93 94
58
